5028 3 1 0
5032 1 0 0
5034 2 2 0
5036 2 2 0
5037 2 2 1
5040 2 2 1
5041 2 2 1
5042 2 2 1
5043 2 2 0
5055 2 2 0
5057 2 2 0
5061 2 2 0
5067 1 1 0
5076 3 3 1
5077 2 2 0
5082 2 2 0
5093 2 2 0
5101 5 4 0 
5110 5 4 0  
5111 5 4 0 
5121 5 4 0 
5123 5 4 0 
5124 5 4 0 
5125 5 4 0 
5127 5 4 0 
5131 5 4 0 
5133 5 4 0 
5135 5 4 0 
5136 5 4 0 
5137 5 4 0 
5138 5 4 0
5144 2 2 0
5148 0 0 1
5150 0 0 1
5151 0 0 1
5154 2 2 0
5156 2 2 0
5157 2 2 0
5158 1 1 0
5159 1 1 0
5162 2 2 0
5189 2 1 0
5190 2 1 0
5193 1 0 0
5194 0 0 0
5196 1 0 0
5197 1 0 0
5198 1 0 0
5200 2 1 1
5209 3 3 0
5212 3 3 0
5216 4 3 0
5217 1 1 0
5218 4 3 0
5219 4 3 0
5220 1 1 0
5221 2 2 0
5283 2 2 0
5287 3 3 0
5296 2 1 0
5299 1 0 0
5315 1 1 0
5316 2 2 0
5326 1 1 0
5362 1 1 0
5374 2 2 0
5402 2 1 0
5407 1 1 0
5408 1 1 0
5417 1 1 0
5425 2 2 0
5426 1 1 0
5429 2 2 0
5438 2 2 0
5439 1 1 0
5444 1 1 0
5452 1 1 0
5453 2 1 0
5454 2 1 0
5462 1 1 0
5463 1 1 0
5472 2 2 0
5473 8 8 0
5474 3 1 3
5475 2 2 1
5477 1 1 0
5485 2 2 0
5490 2 2 0
5493 3 0 0
5510 4 2 0
5514 1 1 0
5515 1 1 0
5516 1 1 0
5517 1 1 0
5518 1 1 0
5520 3 3 0
5532 1 0 0
5534 1 0 0
5566 1 1 0
5569 1 0 0
5573 3 1 1
5574 2 1 1
5575 2 1 1
5576 1 0 0
5578 2 2 0
5580 2 2 0
5582 2 2 0
5592 2 2 0
5618 7 5 1
5620 2 2 0
5621 2 2 0
5623 2 2 0
5631 1 1 0
5632 1 1 0
5638 1 1 0
5648 2 2 0
5656 1 1 1
5657 2 2 0
5658 2 2 0
5659 2 2 0
5665 2 1 0
5666 2 1 0
5667 2 1 0
5668 2 1 0
5692 2 2 0
5693 1 0 0
5706 3 2 0
5708 1 1 0
5715 0 0 0
5719 1 1 0
5720 1 1 0
5724 1 0 0
5725 1 0 0
5726 1 0 0
5727 1 0 0
5728 1 0 0
5729 1 0 0
5739 1 0 0
5731 2 2 0
5732 2 2 0
5735 1 1 0
5736 1 1 0
5742 1 1 0
5744 1 1 0
5745 1 1 0
5746 1 1 0
5784 2 1 0
5797 2 2 0
5804 4 2 1
5805 2 0 2
5806 2 0 2
5828 3 2 0
5829 6 6 0
5831 6 6 0
5835 6 6 0
5849 1 0 0
5850 1 0 0
5863 2 0 0
5872 1 0 0
5873 2 2 0
5875 2 2 0
5876 2 2 0
5877 2 2 0
5879 2 2 0
5883 2 2 0
5911 2 2 0
5913 1 0 0
5914 2 2 0
5915 1 0 0
5916 1 0 0
5917 1 0 0
5918 1 0 0
5920 2 2 0
5922 2 2 0
5951 2 1 0
5952 2 1 0
5953 2 1 0
5954 2 1 0
5948 2 2 0
5959 2 2 0
5961 2 2 0
5963 4 4 0
5969 4 4 0
5987 2 1 0
5988 2 1 0
5989 2 1 0
5991 2 1 0